El.  	  Z	   A	Spin/Parity  	  Isotopic fraction	  Mag. moment	  num. density (core)	  num. density (mantle)	  num. density (crust)
H    	  1	   1	1/2+         	             0.9999	    2.79285  	          3.93059e+36	            3.24329e+35	           2.59792e+36
H    	  1	   2	1+           	             0.0001	    0.857438 	          3.93059e+36	            3.24329e+35	           2.59792e+36
He   	  2	   3	1/2+         	             0     	   -2.1275   	          0          	            0          	           2.39868e+30
He   	  2	   4	0+           	             1     	    0        	          0          	            0          	           2.39868e+30
Li   	  3	   6	1+           	             0.0759	    0.822047 	          0          	            6.28005e+32	           4.27584e+33
Li   	  3	   7	3/2-         	             0.9241	    3.25643  	          0          	            6.28005e+32	           4.27584e+33
Be   	  4	   9	3/2-         	             1     	   -1.1778   	          0          	            1.87429e+31	           3.68067e+32
B    	  5	  10	3+           	             0.199 	    1.80064  	          0          	            6.55198e+31	           1.38876e+33
B    	  5	  11	3/2-         	             0.801 	    2.68865  	          0          	            6.55198e+31	           1.38876e+33
C    	  6	  12	0+           	             0.9893	    0        	          1.09956e+36	            2.26822e+34	           2.6163e+35
C    	  6	  13	1/2-         	             0.0107	    0.702412 	          1.09956e+36	            2.26822e+34	           2.6163e+35
N    	  7	  14	1+           	             0.9963	    0.403761 	          3.53576e+34	            3.89e+32   	           2.49275e+33
N    	  7	  15	1/2-         	             0.0036	   -0.283189 	          3.53576e+34	            3.89e+32   	           2.49275e+33
O    	  8	  16	0+           	             0.9976	    0        	          0          	            7.54866e+37	           5.01949e+37
O    	  8	  17	5/2+         	             0.0004	   -1.89379  	          0          	            7.54866e+37	           5.01949e+37
O    	  8	  18	0+           	             0.0021	    0        	          0          	            7.54866e+37	           5.01949e+37
F    	  9	  19	1/2+         	             1     	    2.62887  	          0          	            3.58507e+33	           4.96227e+34
Ne   	 10	  20	0+           	             0.9048	    0        	          0          	            0          	           2.59534e+29
Ne   	 10	  21	3/2+         	             0.0027	   -0.661797 	          0          	            0          	           2.59534e+29
Ne   	 10	  22	0+           	             0.0925	    0        	          0          	            0          	           2.59534e+29
Na   	 11	  23	3/2+         	             1     	    2.21752  	          0          	            3.06921e+35	           1.74656e+36
Mg   	 12	  24	0+           	             0.7899	    0        	          0          	            2.48505e+37	           2.08304e+36
Mg   	 12	  25	5/2+         	             0.1   	   -0.85545  	          0          	            2.48505e+37	           2.08304e+36
Mg   	 12	  26	0+           	             0.1101	    0        	          0          	            2.48505e+37	           2.08304e+36
Al   	 13	  27	5/2+         	             1     	    3.64151  	          0          	            2.40308e+36	           5.24089e+36
Si   	 14	  28	0+           	             0.9222	    0        	          1.41068e+37	            2.05836e+37	           1.6783e+37
Si   	 14	  29	1/2+         	             0.0469	   -0.55529  	          1.41068e+37	            2.05836e+37	           1.6783e+37
Si   	 14	  30	0+           	             0.0309	    0        	          1.41068e+37	            2.05836e+37	           1.6783e+37
P    	 15	  31	1/2+         	             1     	    1.1316   	          4.26383e+35	            7.65221e+33	           5.57998e+34
S    	 16	  32	0+           	             0.9499	    0        	          3.91281e+36	            1.69928e+34	           2.28672e+34
S    	 16	  33	3/2+         	             0.0075	    0.643821 	          3.91281e+36	            1.69928e+34	           2.28672e+34
S    	 16	  34	0+           	             0.0425	    0        	          3.91281e+36	            1.69928e+34	           2.28672e+34
S    	 16	  36	0+           	             0.0001	    0        	          3.91281e+36	            1.69928e+34	           2.28672e+34
Cl   	 17	  35	3/2+         	             0.7576	    0.821874 	          3.72515e+34	            2.30533e+33	           8.37125e+33
Cl   	 17	  37	3/2+         	             0.2424	    0.684124 	          3.72515e+34	            2.30533e+33	           8.37125e+33
Ar   	 18	  36	0+           	             0.0033	    0        	          0          	            0          	           6.55527e+31
Ar   	 18	  38	0+           	             0.0006	    0        	          0          	            0          	           6.55527e+31
Ar   	 18	  40	0+           	             0.996 	    0        	          0          	            0          	           6.55527e+31
K    	 19	  39	3/2+         	             0.9326	    0.39147  	          0          	            1.81169e+34	           6.69779e+35
K    	 19	  40	4-           	             0.0001	   -1.2981   	          0          	            1.81169e+34	           6.69779e+35
K    	 19	  41	3/2+         	             0.0673	    0.21487  	          0          	            1.81169e+34	           6.69779e+35
Ca   	 20	  40	0+           	             0.9694	    0        	          0          	            1.77419e+36	           2.178e+36
Ca   	 20	  42	0+           	             0.0065	    0        	          0          	            1.77419e+36	           2.178e+36
Ca   	 20	  43	7/2-         	             0.0014	   -1.3173   	          0          	            1.77419e+36	           2.178e+36
Ca   	 20	  44	0+           	             0.0209	    0        	          0          	            1.77419e+36	           2.178e+36
Ca   	 20	  46	0+           	             0     	    0        	          0          	            1.77419e+36	           2.178e+36
Ca   	 20	  48	0+           	             0.0019	    0        	          0          	            1.77419e+36	           2.178e+36
Sc   	 21	  45	7/2-         	             1     	    4.75649  	          0          	            9.93851e+32	           1.00967e+33
Ti   	 22	  46	0+           	             0.0825	    0        	          0          	            7.19978e+34	           2.40714e+35
Ti   	 22	  47	5/2-         	             0.0744	   -0.78848  	          0          	            7.19978e+34	           2.40714e+35
Ti   	 22	  48	0+           	             0.7372	    0        	          0          	            7.19978e+34	           2.40714e+35
Ti   	 22	  49	7/2-         	             0.0541	   -1.10417  	          0          	            7.19978e+34	           2.40714e+35
Ti   	 22	  50	0+           	             0.0518	    0        	          0          	            7.19978e+34	           2.40714e+35
V    	 23	  50	6+           	             0.0025	    3.34569  	          1.94438e+34	            4.59926e+33	           6.51137e+33
V    	 23	  51	7/2-         	             0.9975	    5.14871  	          1.94438e+34	            4.59926e+33	           6.51137e+33
Cr   	 24	  50	0+           	             0.0435	    0        	          1.14298e+36	            1.32037e+35	           4.70059e+33
Cr   	 24	  52	0+           	             0.8379	    0        	          1.14298e+36	            1.32037e+35	           4.70059e+33
Cr   	 24	  53	3/2-         	             0.095 	   -0.47454  	          1.14298e+36	            1.32037e+35	           4.70059e+33
Cr   	 24	  54	0+           	             0.0237	    0        	          1.14298e+36	            1.32037e+35	           4.70059e+33
Mn   	 25	  55	5/2-         	             1     	    3.4532   	          3.60591e+34	            5.20693e+34	           3.49554e+34
Fe   	 26	  54	0+           	             0.0585	    0        	          1.01099e+38	            3.07342e+36	           1.96948e+36
Fe   	 26	  56	0+           	             0.9175	    0        	          1.01099e+38	            3.07342e+36	           1.96948e+36
Fe   	 26	  57	1/2-         	             0.0212	    0.09044  	          1.01099e+38	            3.07342e+36	           1.96948e+36
Fe   	 26	  58	0+           	             0.0028	    0        	          1.01099e+38	            3.07342e+36	           1.96948e+36
Co   	 27	  59	7/2-         	             1     	    4.627    	          2.80123e+31	            4.71527e+33	           8.88704e+32
Ni   	 28	  58	0+           	             0.6808	    0        	          5.85038e+36	            8.6336e+34 	           2.67701e+33
Ni   	 28	  60	0+           	             0.2622	    0        	          5.85038e+36	            8.6336e+34 	           2.67701e+33
Ni   	 28	  61	3/2-         	             0.0114	   -0.75002  	          5.85038e+36	            8.6336e+34 	           2.67701e+33
Ni   	 28	  62	0+           	             0.0363	    0        	          5.85038e+36	            8.6336e+34 	           2.67701e+33
Ni   	 28	  64	0+           	             0.0093	    0        	          5.85038e+36	            8.6336e+34 	           2.67701e+33
Cu   	 29	  63	3/2-         	             0.6915	    2.22721  	          1.29894e+34	            8.57446e+32	           1.86816e+33
Cu   	 29	  65	3/2-         	             0.3085	    2.3817   	          1.29894e+34	            8.57446e+32	           1.86816e+33
Zn   	 30	  64	0+           	             0.4917	    0        	          0          	            2.22899e+33	           2.08247e+33
Zn   	 30	  66	0+           	             0.2773	    0        	          0          	            2.22899e+33	           2.08247e+33
Zn   	 30	  67	5/2-         	             0.0404	    0.875479 	          0          	            2.22899e+33	           2.08247e+33
Zn   	 30	  68	0+           	             0.1845	    0        	          0          	            2.22899e+33	           2.08247e+33
Zn   	 30	  70	0+           	             0.0061	    0        	          0          	            2.22899e+33	           2.08247e+33
Ga   	 31	  69	3/2-         	             0.6011	    2.01659  	          0          	            1.71926e+32	           4.75743e+32
Ga   	 31	  71	3/2-         	             0.3989	    2.56227  	          0          	            1.71926e+32	           4.75743e+32
Ge   	 32	  70	0+           	             0.2057	    0        	          1.81811e+33	            4.5006e+31 	           3.3647e+31
Ge   	 32	  72	0+           	             0.2745	    0        	          1.81811e+33	            4.5006e+31 	           3.3647e+31
Ge   	 32	  73	9/2+         	             0.0775	   -0.879468 	          1.81811e+33	            4.5006e+31 	           3.3647e+31
Ge   	 32	  74	0+           	             0.365 	    0        	          1.81811e+33	            4.5006e+31 	           3.3647e+31
Ge   	 32	  76	0+           	             0.0773	    0        	          1.81811e+33	            4.5006e+31 	           3.3647e+31
As   	 33	  75	3/2-         	             1     	    1.43948  	          4.40684e+32	            2.47266e+30	           4.89333e+31
Se   	 34	  74	0+           	             0.0089	    0        	          6.69036e+32	            2.62223e+30	           1.1055e+30
Se   	 34	  76	0+           	             0.0937	    0        	          6.69036e+32	            2.62223e+30	           1.1055e+30
Se   	 34	  77	1/2-         	             0.0763	    0.535042 	          6.69036e+32	            2.62223e+30	           1.1055e+30
Se   	 34	  78	0+           	             0.2377	    0        	          6.69036e+32	            2.62223e+30	           1.1055e+30
Se   	 34	  80	0+           	             0.4961	    0        	          6.69036e+32	            2.62223e+30	           1.1055e+30
Se   	 34	  82	0+           	             0.0873	    0        	          6.69036e+32	            2.62223e+30	           1.1055e+30
Br   	 35	  79	3/2-         	             0.5069	    2.1064   	          5.78491e+31	            2.55716e+30	           6.55462e+31
Br   	 35	  81	3/2-         	             0.4931	    2.27056  	          5.78491e+31	            2.55716e+30	           6.55462e+31
Kr   	 36	  78	0+           	             0.0036	    0        	          0          	            0          	           3.12494e+27
Kr   	 36	  80	0+           	             0.0229	    0        	          0          	            0          	           3.12494e+27
Kr   	 36	  82	0+           	             0.1159	    0        	          0          	            0          	           3.12494e+27
Kr   	 36	  83	9/2+         	             0.115 	   -0.970669 	          0          	            0          	           3.12494e+27
Kr   	 36	  84	0+           	             0.5699	    0        	          0          	            0          	           3.12494e+27
Kr   	 36	  86	0+           	             0.1728	    0        	          0          	            0          	           3.12494e+27
Rb   	 37	  85	5/2-         	             0.7217	    1.35298  	          0          	            1.92849e+31	           1.22558e+33
Rb   	 37	  87	3/2-         	             0.2783	    2.75131  	          0          	            1.92849e+31	           1.22558e+33
Sr   	 38	  84	0+           	             0.0056	    0        	          0          	            6.84045e+32	           7.17288e+33
Sr   	 38	  86	0+           	             0.0986	    0        	          0          	            6.84045e+32	           7.17288e+33
Sr   	 38	  87	9/2+         	             0.07  	   -1.0928   	          0          	            6.84045e+32	           7.17288e+33
Sr   	 38	  88	0+           	             0.8258	    0        	          0          	            6.84045e+32	           7.17288e+33
Y    	 39	  89	1/2-         	             1     	   -0.137415 	          0          	            1.26556e+32	           5.69458e+32
Zr   	 40	  90	0+           	             0.5145	    0        	          0          	            3.07605e+32	           2.48788e+33
Zr   	 40	  91	5/2+         	             0.1122	   -1.30362  	          0          	            3.07605e+32	           2.48788e+33
Zr   	 40	  92	0+           	             0.1715	    0        	          0          	            3.07605e+32	           2.48788e+33
Zr   	 40	  94	0+           	             0.1738	    0        	          0          	            3.07605e+32	           2.48788e+33
Zr   	 40	  96	0+           	             0.028 	    0        	          0          	            3.07605e+32	           2.48788e+33
Nb   	 41	  93	9/2+         	             1     	    6.1705   	          0          	            1.74477e+31	           3.19448e+32
Mo   	 42	  92	0+           	             0.1453	    0        	          3.44142e+32	            1.33464e+30	           2.00165e+31
Mo   	 42	  94	0+           	             0.0915	    0        	          3.44142e+32	            1.33464e+30	           2.00165e+31
Mo   	 42	  95	5/2+         	             0.1584	   -0.9142   	          3.44142e+32	            1.33464e+30	           2.00165e+31
Mo   	 42	  96	0+           	             0.1667	    0        	          3.44142e+32	            1.33464e+30	           2.00165e+31
Mo   	 42	  97	5/2+         	             0.096 	   -0.9335   	          3.44142e+32	            1.33464e+30	           2.00165e+31
Mo   	 42	  98	0+           	             0.2439	    0        	          3.44142e+32	            1.33464e+30	           2.00165e+31
Mo   	 42	 100	0+           	             0.0982	    0        	          3.44142e+32	            1.33464e+30	           2.00165e+31
Ru   	 44	  96	0+           	             0.0554	    0        	          2.61339e+32	            1.99469e+29	           1.72732e+28
Ru   	 44	  98	0+           	             0.0187	    0        	          2.61339e+32	            1.99469e+29	           1.72732e+28
Ru   	 44	  99	5/2+         	             0.1276	   -0.641    	          2.61339e+32	            1.99469e+29	           1.72732e+28
Ru   	 44	 100	0+           	             0.126 	    0        	          2.61339e+32	            1.99469e+29	           1.72732e+28
Ru   	 44	 101	5/2+         	             0.1706	   -0.719    	          2.61339e+32	            1.99469e+29	           1.72732e+28
Ru   	 44	 102	0+           	             0.3155	    0        	          2.61339e+32	            1.99469e+29	           1.72732e+28
Ru   	 44	 104	0+           	             0.1862	    0        	          2.61339e+32	            1.99469e+29	           1.72732e+28
Rh   	 45	 103	1/2-         	             1     	   -0.884    	          4.74852e+31	            3.17692e+28	           1.18755e+28
Pd   	 46	 102	0+           	             0.0102	    0        	          1.92356e+32	            1.81761e+29	           1.0335e+29
Pd   	 46	 104	0+           	             0.1114	    0        	          1.92356e+32	            1.81761e+29	           1.0335e+29
Pd   	 46	 105	5/2+         	             0.2233	   -0.642    	          1.92356e+32	            1.81761e+29	           1.0335e+29
Pd   	 46	 106	0+           	             0.2733	    0        	          1.92356e+32	            1.81761e+29	           1.0335e+29
Pd   	 46	 108	0+           	             0.2646	    0        	          1.92356e+32	            1.81761e+29	           1.0335e+29
Pd   	 46	 110	0+           	             0.1172	    0        	          1.92356e+32	            1.81761e+29	           1.0335e+29
Ag   	 47	 107	1/2-         	             0.5184	   -0.11357  	          9.1826e+30 	            1.51539e+29	           1.27858e+30
Ag   	 47	 109	1/2-         	             0.4816	    0.13056  	          9.1826e+30 	            1.51539e+29	           1.27858e+30
Cd   	 48	 106	0+           	             0.0125	    0        	          8.81149e+30	            8.48251e+29	           2.32958e+30
Cd   	 48	 108	0+           	             0.0089	    0        	          8.81149e+30	            8.48251e+29	           2.32958e+30
Cd   	 48	 110	0+           	             0.1249	    0        	          8.81149e+30	            8.48251e+29	           2.32958e+30
Cd   	 48	 111	1/2+         	             0.128 	   -0.594886 	          8.81149e+30	            8.48251e+29	           2.32958e+30
Cd   	 48	 112	0+           	             0.2413	    0        	          8.81149e+30	            8.48251e+29	           2.32958e+30
Cd   	 48	 113	1/2+         	             0.1222	   -0.622301 	          8.81149e+30	            8.48251e+29	           2.32958e+30
Cd   	 48	 114	0+           	             0.2873	    0        	          8.81149e+30	            8.48251e+29	           2.32958e+30
Cd   	 48	 116	0+           	             0.0749	    0        	          8.81149e+30	            8.48251e+29	           2.32958e+30
In   	 49	 113	9/2+         	             0.0429	    5.5289   	          0          	            4.27098e+29	           2.43279e+30
In   	 49	 115	9/2+         	             0.9571	    5.5408   	          0          	            4.27098e+29	           2.43279e+30
Sn   	 50	 112	0+           	             0.0097	    0        	          2.78131e+31	            3.21296e+30	           3.23541e+31
Sn   	 50	 114	0+           	             0.0066	    0        	          2.78131e+31	            3.21296e+30	           3.23541e+31
Sn   	 50	 115	1/2+         	             0.0034	   -0.91883  	          2.78131e+31	            3.21296e+30	           3.23541e+31
Sn   	 50	 116	0+           	             0.1454	    0        	          2.78131e+31	            3.21296e+30	           3.23541e+31
Sn   	 50	 117	1/2+         	             0.0768	   -1.00104  	          2.78131e+31	            3.21296e+30	           3.23541e+31
Sn   	 50	 118	0+           	             0.2422	    0        	          2.78131e+31	            3.21296e+30	           3.23541e+31
Sn   	 50	 119	1/2+         	             0.0859	   -1.04728  	          2.78131e+31	            3.21296e+30	           3.23541e+31
Sn   	 50	 120	0+           	             0.3258	    0        	          2.78131e+31	            3.21296e+30	           3.23541e+31
Sn   	 50	 122	0+           	             0.0463	    0        	          2.78131e+31	            3.21296e+30	           3.23541e+31
Sn   	 50	 124	0+           	             0.0579	    0        	          2.78131e+31	            3.21296e+30	           3.23541e+31
Sb   	 51	 121	5/2+         	             0.5721	    3.3634   	          7.05027e+30	            1.20824e+29	           2.86761e+30
Sb   	 51	 123	7/2+         	             0.4279	    2.5498   	          7.05027e+30	            1.20824e+29	           2.86761e+30
Te   	 52	 120	0+           	             0.0009	    0        	          4.39881e+31	            1.92157e+29	           1.36818e+28
Te   	 52	 122	0+           	             0.0255	    0        	          4.39881e+31	            1.92157e+29	           1.36818e+28
Te   	 52	 123	1/2+         	             0.0089	   -0.736948 	          4.39881e+31	            1.92157e+29	           1.36818e+28
Te   	 52	 124	0+           	             0.0474	    0        	          4.39881e+31	            1.92157e+29	           1.36818e+28
Te   	 52	 125	1/2+         	             0.0707	   -0.888505 	          4.39881e+31	            1.92157e+29	           1.36818e+28
Te   	 52	 126	0+           	             0.1884	    0        	          4.39881e+31	            1.92157e+29	           1.36818e+28
Te   	 52	 128	0+           	             0.3174	    0        	          4.39881e+31	            1.92157e+29	           1.36818e+28
Te   	 52	 130	0+           	             0.3408	    0        	          4.39881e+31	            1.92157e+29	           1.36818e+28
I    	 53	 127	5/2+         	             1     	    2.81327  	          6.76444e+30	            1.50274e+29	           6.74081e+30
Xe   	 54	 124	0+           	             0.001 	    0        	          0          	            0          	           2.6594e+26
Xe   	 54	 126	0+           	             0.0009	    0        	          0          	            0          	           2.6594e+26
Xe   	 54	 128	0+           	             0.0191	    0        	          0          	            0          	           2.6594e+26
Xe   	 54	 129	1/2+         	             0.264 	   -0.777976 	          0          	            0          	           2.6594e+26
Xe   	 54	 130	0+           	             0.0407	    0        	          0          	            0          	           2.6594e+26
Xe   	 54	 131	3/2+         	             0.2123	    0.6915   	          0          	            0          	           2.6594e+26
Xe   	 54	 132	0+           	             0.2691	    0        	          0          	            0          	           2.6594e+26
Xe   	 54	 134	0+           	             0.1044	    0        	          0          	            0          	           2.6594e+26
Xe   	 54	 136	0+           	             0.0886	    0        	          0          	            0          	           2.6594e+26
Cs   	 55	 133	7/2+         	             1     	    2.58202  	          3.2295e+30 	            3.68972e+29	           2.49576e+31
Ba   	 56	 130	0+           	             0.0011	    0        	          0          	            1.35894e+32	           4.32233e+33
Ba   	 56	 132	0+           	             0.001 	    0        	          0          	            1.35894e+32	           4.32233e+33
Ba   	 56	 134	0+           	             0.0242	    0        	          0          	            1.35894e+32	           4.32233e+33
Ba   	 56	 135	3/2+         	             0.0659	    0.83794  	          0          	            1.35894e+32	           4.32233e+33
Ba   	 56	 136	0+           	             0.0785	    0        	          0          	            1.35894e+32	           4.32233e+33
Ba   	 56	 137	3/2+         	             0.1123	    0.93737  	          0          	            1.35894e+32	           4.32233e+33
Ba   	 56	 138	0+           	             0.717 	    0        	          0          	            1.35894e+32	           4.32233e+33
La   	 57	 138	5+           	             0.0009	    3.71365  	          0          	            1.33996e+31	           4.27319e+32
La   	 57	 139	7/2+         	             0.9991	    2.78305  	          0          	            1.33996e+31	           4.27319e+32
Ce   	 58	 136	0+           	             0.0019	    0        	          0          	            3.40827e+31	           7.47581e+32
Ce   	 58	 138	0+           	             0.0025	    0        	          0          	            3.40827e+31	           7.47581e+32
Ce   	 58	 140	0+           	             0.8845	    0        	          0          	            3.40827e+31	           7.47581e+32
Ce   	 58	 142	0+           	             0.1111	    0        	          0          	            3.40827e+31	           7.47581e+32
Pr   	 59	 141	5/2+         	             1     	    4.2754   	          0          	            5.13714e+30	           1.06551e+32
Nd   	 60	 142	0+           	             0.2715	    0        	          0          	            2.53284e+31	           3.99413e+32
Nd   	 60	 143	7/2-         	             0.1217	   -1.065    	          0          	            2.53284e+31	           3.99413e+32
Nd   	 60	 144	0+           	             0.238 	    0        	          0          	            2.53284e+31	           3.99413e+32
Nd   	 60	 145	7/2-         	             0.0829	   -0.656    	          0          	            2.53284e+31	           3.99413e+32
Nd   	 60	 146	0+           	             0.1719	    0        	          0          	            2.53284e+31	           3.99413e+32
Nd   	 60	 148	0+           	             0.0576	    0        	          0          	            2.53284e+31	           3.99413e+32
Nd   	 60	 150	0+           	             0.0564	    0        	          0          	            2.53284e+31	           3.99413e+32
Sm   	 62	 144	0+           	             0.0307	    0        	          0          	            7.8763e+30 	           6.96648e+31
Sm   	 62	 147	7/2-         	             0.1499	   -0.812    	          0          	            7.8763e+30 	           6.96648e+31
Sm   	 62	 148	0+           	             0.1124	    0        	          0          	            7.8763e+30 	           6.96648e+31
Sm   	 62	 149	7/2-         	             0.1382	   -0.6677   	          0          	            7.8763e+30 	           6.96648e+31
Sm   	 62	 150	0+           	             0.0738	    0        	          0          	            7.8763e+30 	           6.96648e+31
Sm   	 62	 152	0+           	             0.2675	    0        	          0          	            7.8763e+30 	           6.96648e+31
Sm   	 62	 154	0+           	             0.2275	    0        	          0          	            7.8763e+30 	           6.96648e+31
Eu   	 63	 151	5/2+         	             0.4781	    3.4717   	          0          	            2.98496e+30	           2.06788e+31
Eu   	 63	 153	5/2+         	             0.5219	    1.5324   	          0          	            2.98496e+30	           2.06788e+31
Gd   	 64	 152	0+           	             0.802 	    0        	          0          	            1.01438e+31	           5.77307e+31
Gd   	 64	 154	0+           	             0.0218	    0        	          0          	            1.01438e+31	           5.77307e+31
Gd   	 64	 155	3/2-         	             0.148 	   -0.2572   	          0          	            1.01438e+31	           5.77307e+31
Gd   	 64	 156	0+           	             0.2047	    0        	          0          	            1.01438e+31	           5.77307e+31
Gd   	 64	 157	3/2-         	             0.1565	   -0.3398   	          0          	            1.01438e+31	           5.77307e+31
Gd   	 64	 158	0+           	             0.2484	    0        	          0          	            1.01438e+31	           5.77307e+31
Gd   	 64	 160	0+           	             0.2186	    0        	          0          	            1.01438e+31	           5.77307e+31
Tb   	 65	 159	3/2+         	             1     	    2.014    	          0          	            1.84281e+30	           1.02161e+31
Dy   	 66	 156	0+           	             0.0006	    0        	          0          	            1.21364e+31	           6.6609e+31
Dy   	 66	 158	0+           	             0.001 	    0        	          0          	            1.21364e+31	           6.6609e+31
Dy   	 66	 160	0+           	             0.0233	    0        	          0          	            1.21364e+31	           6.6609e+31
Dy   	 66	 161	5/2+         	             0.1889	   -0.48     	          0          	            1.21364e+31	           6.6609e+31
Dy   	 66	 162	0+           	             0.2548	    0        	          0          	            1.21364e+31	           6.6609e+31
Dy   	 66	 163	5/2-         	             0.249 	    0.673    	          0          	            1.21364e+31	           6.6609e+31
Dy   	 66	 164	0+           	             0.2826	    0        	          0          	            1.21364e+31	           6.6609e+31
Ho   	 67	 165	7/2-         	             1     	    4.17     	          0          	            2.63797e+30	           1.27021e+31
Er   	 68	 162	0+           	             0.0014	    0        	          0          	            7.62944e+30	           3.13131e+31
Er   	 68	 164	0+           	             0.016 	    0        	          0          	            7.62944e+30	           3.13131e+31
Er   	 68	 166	0+           	             0.335 	    0        	          0          	            7.62944e+30	           3.13131e+31
Er   	 68	 167	7/2+         	             0.2287	   -0.56385  	          0          	            7.62944e+30	           3.13131e+31
Er   	 68	 168	0+           	             0.2698	    0        	          0          	            7.62944e+30	           3.13131e+31
Er   	 68	 170	0+           	             0.1491	    0        	          0          	            7.62944e+30	           3.13131e+31
Tm   	 69	 169	1/2+         	             1     	   -0.231    	          0          	            1.19064e+30	           4.6504e+30
Yb   	 70	 168	0+           	             0.0012	    0        	          0          	            7.51625e+30	           2.82492e+31
Yb   	 70	 170	0+           	             0.0298	    0        	          0          	            7.51625e+30	           2.82492e+31
Yb   	 70	 171	1/2-         	             0.1409	    0.49367  	          0          	            7.51625e+30	           2.82492e+31
Yb   	 70	 172	0+           	             0.2168	    0        	          0          	            7.51625e+30	           2.82492e+31
Yb   	 70	 173	5/2-         	             0.161 	   -0.648    	          0          	            7.51625e+30	           2.82492e+31
Yb   	 70	 174	0+           	             0.3203	    0        	          0          	            7.51625e+30	           2.82492e+31
Yb   	 70	 176	0+           	             0.13  	    0        	          0          	            7.51625e+30	           2.82492e+31
Lu   	 71	 176	7-           	             0.026 	    3.169    	          0          	            1.10287e+30	           5.68739e+30
Hf   	 72	 174	0+           	             0.0016	    0        	          0          	            4.60039e+30	           3.22771e+31
Hf   	 72	 176	0+           	             0.0526	    0        	          0          	            4.60039e+30	           3.22771e+31
Hf   	 72	 177	7/2-         	             0.186 	    0.7935   	          0          	            4.60039e+30	           3.22771e+31
Hf   	 72	 178	0+           	             0.2728	    0        	          0          	            4.60039e+30	           3.22771e+31
Hf   	 72	 179	9/2+         	             0.1362	   -0.6409   	          0          	            4.60039e+30	           3.22771e+31
Hf   	 72	 180	0+           	             0.3508	    0        	          0          	            4.60039e+30	           3.22771e+31
Ta   	 73	 180	9-           	             0.0001	    4.825    	          0          	            6.47411e+29	           1.64017e+31
Ta   	 73	 181	7/2+         	             0.9999	    2.3705   	          0          	            6.47411e+29	           1.64017e+31
W    	 74	 180	0+           	             0.0012	    0        	          1.6882e+31 	            1.77831e+29	           1.04459e+31
W    	 74	 182	0+           	             0.265 	    0        	          1.6882e+31 	            1.77831e+29	           1.04459e+31
W    	 74	 183	1/2-         	             0.1431	    0.117785 	          1.6882e+31 	            1.77831e+29	           1.04459e+31
W    	 74	 184	0+           	             0.3064	    0        	          1.6882e+31 	            1.77831e+29	           1.04459e+31
W    	 74	 186	0+           	             0.2843	    0        	          1.6882e+31 	            1.77831e+29	           1.04459e+31
Re   	 75	 185	5/2+         	             0.374 	    3.1871   	          8.15641e+30	            5.12079e+27	           2.43765e+28
Re   	 75	 187	5/2+         	             0.626 	    3.2197   	          8.15641e+30	            5.12079e+27	           2.43765e+28
Os   	 76	 184	0+           	             0.0002	    0        	          9.71955e+31	            5.58535e+28	           1.65192e+28
Os   	 76	 186	0+           	             0.0159	    0        	          9.71955e+31	            5.58535e+28	           1.65192e+28
Os   	 76	 187	1/2-         	             0.0196	    0.0646519	          9.71955e+31	            5.58535e+28	           1.65192e+28
Os   	 76	 188	0+           	             0.1324	    0        	          9.71955e+31	            5.58535e+28	           1.65192e+28
Os   	 76	 189	3/2-         	             0.1615	    0.659933 	          9.71955e+31	            5.58535e+28	           1.65192e+28
Os   	 76	 190	0+           	             0.2626	    0        	          9.71955e+31	            5.58535e+28	           1.65192e+28
Os   	 76	 192	0+           	             0.4078	    0        	          9.71955e+31	            5.58535e+28	           1.65192e+28
Ir   	 77	 191	3/2+         	             0.373 	    0.1507   	          8.932e+31  	            4.96068e+28	           3.63298e+27
Ir   	 77	 193	3/2+         	             0.627 	    0.1637   	          8.932e+31  	            4.96068e+28	           3.63298e+27
Pt   	 78	 190	0+           	             0.0001	    0        	          1.92945e+32	            1.06138e+29	           3.31122e+29
Pt   	 78	 192	0+           	             0.0078	    0        	          1.92945e+32	            1.06138e+29	           3.31122e+29
Pt   	 78	 194	0+           	             0.3286	    0        	          1.92945e+32	            1.06138e+29	           3.31122e+29
Pt   	 78	 195	1/2-         	             0.3378	    0.60952  	          1.92945e+32	            1.06138e+29	           3.31122e+29
Pt   	 78	 196	0+           	             0.2521	    0        	          1.92945e+32	            1.06138e+29	           3.31122e+29
Pt   	 78	 198	0+           	             0.0736	    0        	          1.92945e+32	            1.06138e+29	           3.31122e+29
Au   	 79	 197	3/2+         	             1     	    0.145746 	          1.67627e+31	            2.35137e+28	           2.74766e+28
Hg   	 80	 196	0+           	             0.0015	    0        	          1.64599e+30	            8.14905e+28	           5.83123e+29
Hg   	 80	 198	0+           	             0.0997	    0        	          1.64599e+30	            8.14905e+28	           5.83123e+29
Hg   	 80	 199	1/2-         	             0.1687	    0.505885 	          1.64599e+30	            8.14905e+28	           5.83123e+29
Hg   	 80	 200	0+           	             0.231 	    0        	          1.64599e+30	            8.14905e+28	           5.83123e+29
Hg   	 80	 201	3/2-         	             0.1318	   -0.560226 	          1.64599e+30	            8.14905e+28	           5.83123e+29
Hg   	 80	 202	0+           	             0.2986	    0        	          1.64599e+30	            8.14905e+28	           5.83123e+29
Hg   	 80	 204	0+           	             0.0687	    0        	          1.64599e+30	            8.14905e+28	           5.83123e+29
Tl   	 81	 203	1/2+         	             0.2952	    1.62226  	          9.69267e+29	            5.46518e+28	           4.61258e+30
Tl   	 81	 205	1/2+         	             0.7048	    1.63821  	          9.69267e+29	            5.46518e+28	           4.61258e+30
Pb   	 82	 204	0+           	             0.014 	    0        	          1.27479e+31	            2.43247e+30	           8.42568e+31
Pb   	 82	 206	0+           	             0.241 	    0        	          1.27479e+31	            2.43247e+30	           8.42568e+31
Pb   	 82	 207	1/2-         	             0.221 	    0.592583 	          1.27479e+31	            2.43247e+30	           8.42568e+31
Pb   	 82	 208	0+           	             0.524 	    0        	          1.27479e+31	            2.43247e+30	           8.42568e+31